220 	(90 chutes a gol 1)
2410 	(80 chutes a gol 2)
21357 	(748 chutes p/ fora 2)
423 	(46 faltas 1)
218 	(90 faltas 2)
2410 	(180 faltas 2)
2414 	(120 faltas 2)
21357 	(748 chutes fora 2)
14283 	(11 cartões amarelos 1)
10819 	(14 tratamentos 1)
11406 	(17 tratamentos 1)
12005 	(16 tratamentos 1)
15532 	(15 tratamentos 1)
19827 	(15 tratamentos 1)
23133 	(15 tratamentos 1)
5150	(13.0 tratamentos 2)
7771 	(15.0 tratamentos 2)
11568 	(15.0 tratamentos 2)
12185 	(13.0 tratamentos 2)
13812 	(14.0 tratamentos 2)
23085 	(16.0 tratamentos 2)

substituições 1
1257	,6.0 
1490	,6.0
1497	,6.0
13750	,6.0
22641	,6.0
22669	,6.0

substituções 2
1257	,6.0 
1490	,6.0
1497	,6.0
13750	,6.0
22641	,6.0
22669	,6.0

Posse 1
819	,100.0
841	,100.0
842	,100.0
846	,100.0
859	,100.0
871	,100.0
2457	,100.0
6869	,100.0
7001	,100.0
7003	,100.0
7004	,100.0
10718	,100.0
11084	,100.0
19616	,100.0
19622	,100.0
19652	,100.0
19655	,100.0
24788	,100.0
24855	,100.0

Posse 2
571		,99.0
868		,100.0
2305	,100.0
2841	,100.0
3148	,100.0
3183	,100.0
3997	,100.0
6837	,100.0
6911	,100.0
7005	,100.0
10651	,100.0
10923	,100.0
19611	,100.0
24787	,100.0
24838	,100.0
